359252061060525
355332084712049
355354080065701
355316082057499
359405087293682
359409083898734
359462062604466
353042093238090
356982060135448
355671075741685
356500080564353
355406079339834
353001094380574
353334072206226
359261067301858
354451068813903
353325070683713
358668080094883
358669080094881
352976092031652
356709080045624
353265074255359
356607080723325
358361063613933
355322082643114
355841084745296
358607072242456
352062067956395
354390067391653
354650090225651
353011099726366
350000000000006
359575049062035
351840091066211
355772070509513
359497084581680
359405087207724
355412073325167
352055064736620
355877063748505
353048097593794
351840091429765
359219078357558
354839090770929
352074064881054
359167072140852
352016076152537
359465083098691
359404086783611
356764084509968
356579070145217
355403071296617
990002764943625
356959060251987
352013076308508
359412081365581
013988004939055
353013094744493
355979082052966
353258074985398
358505085396402
359128075482709
353463017737191
359168070614054
355308086510656
353012090534502
353281094531984
354116075008918
352032060693659
354116075008926
359286060691096
867885039653940
355842081040343
869896032992860
359210074554595
867287031202059
353010099787592
013540003972015
359209076662273
359216074022756
354844090239214
359159078203123
355817080956590
356575090055980
359408081735690
359409084425644
353040093863578
353039092914671
355323084897617
356575090372831
353845080502215
357754081803687
359412085390015
359210071686598
354358083997969
352802097306883
358035081235206
353809085485412
355324082200838
356961061706233
355320089014958
356694086513322
355313082405349
353555085164537
356696086104200
355397084102525
353333074665926
354234082814697
353266073855892
359159073779374
359404087299500
359461087524790
352622065249877
353026093682290
359313065318382
355400084172140
357090075934844
354437068441100
356763082819494
356987066359868
356767086934308
359411084738679
356763081393681
358565079729539
355353086684762
356988063767780
355317082525469
354446096565541
863438037564034
353257072210239
353055095021124
357537083256420
357537081922833
353151070384593
357537083269365
359212070524432
353151071535847
355350085397719
357537085729598
355359086146868
351615080650864
353151071131431
351615082178666
355405077209783
351615082151523
359407086180746
357537080592157
355396088056174
353151070243047
359412089599082
359207072704990
353043094230839
356758085200775
359406082178092
359406087397176
359406087561276
359404081906837
359404087296753
359405088326317
356760087597992
353047090080254
359403087682541
863047030419714
354261070396981
356124080174160
359906070114769
356124080174707
359906070877324
356124080175027
358035086449828
354261072874779
358035086532045
355072080067937
860152039219512
356028082068173
356028082446643
864822031534367
356028082640229
356028080141246
867108022799004
868445024888818
358035086749664
865545030294654
358180070791684
866218031883037
355072080070121
356028080388409
865878036200940
867437030352344
865545037012281
866218031984843
357657070104894
354261070799887
862939030128215
867437036245146
862939030697219
867108020984061
357657070111501
354261071285464
867108022253457
862789033638409
862789031277168
356124080175381
354261072638356
357657070259292
867108022573961
862789033393435
866218030501267
359906070957985
863664038095849
356028082667602
356028082867467
356028082882177
357537086019759
352693080798750
358035083256416
354844092419228
354315083653596
353807087419777
352204081677603
352204082139892
354315082518105
353556084522832
354315082522222
990010040264591
354315082523873
354315082527403
353773084377592
353773088111617
354315083649792
353556086804642
354315081848099
354315082530332
353556084146087
353773081458080
353556085094377
353773082408282
354315082686944
353556082584420
353773081463924
353556086214917
353773082504817
354315082845011
353556081769436
353773081472321
353556084616980
353773082530507
354315082845821
352204086112093
353556086800293
353556084381791
352204083761686
353556086801762
353556084380637
353556084149818
353556084378607
354315082852215
354315083101042
354315083429070
354315083509459
352204081645337
357330075491191
359948075131026
359620081844807
352564076509180
359469075154348
357329073384366
358810077696029
356421073923011
359467079315576
359467073218222
352475071846644
359468078733892
358810074876897
356421072942442
359467077089637
359474061648212
352475072271917
359467074903087
357810082779415
352204081665038
352204080100896
358170075001023
358170076164044
352564070163463
356765061658272
354886060307760
352564072531626
356765065259481
354886062837301
359580065034462
354886063594547
353801066225032
352127072389682
356100069926077
359877060542352
354734068603147
352564072393852
354734069671820
358992074753761
352148073088313
359877064271917
353749066266243
353748065397272
359150060949732
352148077940071
353749069525793
359877067442358
353560082861069
352148079369048
353414072691385
359660060985890
354607076089600
355001079142740
353726063780764
359660061639413
354901072402341
352148071416888
353726068542730
352632081730271
352632086943416
357443089151584
357443082026379
357443085550755
358354080119349
352188073635564
358321080045519
358321080055898
352632081153060
358809073803191
354315084416183
357330079174454
355019081294077
354315085494593
354315084713878
358809075388035
357765071282518
864854036929615
357330077495570
351554097435193
354315086269150
354315083794002
359948076624854
354313085172434
358809075388407
357330078511912
359947074867408
355612081127352
359948076617817
354315083801930
355901071903355
358809072230255
357330078512621
358875084944936
354315083803969
358809072508544
359948076619102
352601081144510
359457079073341
358170074353391
357330076136183
357329079217933
356724076871008
354315084415144
357330079680245
359948076624300
359948073937135
864791031650897
359948076642690
357330070020110
354201063076927
358809070770617
359457071050909
359457078893426
359948078744676
355612081221775
357221067747171
358809072219498
359457073379264
357330076137827
354903085089669
359948079599640
359948079787203
357330072809692
355612083382138
352631081310266
357330078518990
359457076007649
353557083372575
357330077493930
359948079780562
359948076624516
354315085488074
357330074123472
352621080656603
357330078520160
357330077494656
356843059640584
359948079600042
359948076624664
357330075714428
352621089517913
357330071222269
359037084110609
359948079609951
356376081206462
358793082578392
357330071950505
359948079780398
357220071776879
358439077514170
359406084970470
355820080894373
359403084803629
354956070400259
355346084243193
357000067399104
353285073909707
358953089862534
352999097916776
355729074026001
351843092549359
354826091212373
012840005973925
355838087030296
353819086123888
353819084753447
353043098768867
353047095748350
358966063515746
353045098712670
355359084253641
359481088832570
356112093200098
358269072297145
355830084272880
013790009686735
353290072230345
358634079785626
355345084094614
013966007802736
355678073342630
354836090074591
355827085662358
355988080946558
358540054102317
353306090332820
355735072962956
355377071888047
355312084070754
352013071811662
354389069744489
353256075357583
355825088677282
355405078518091
359454077716187
335465391033124
359455077716184
355379070674352
307707365493113
534382409003941
352014077858590
492293993024476
358542057171778
353069061622518
359456070071643
358940075540612
355798072058621
358608072840430
355985080593042
356769085337939
354386067962808
353010090042153
354842090177392
356564081106853
354409062359398
352989096248784
356420090497496
356760084711380
354873090946882
352983095423530
355837088586850
358794050657895
355353083495725
353268072410554
353267072204421
359231065627935
013853004994635
013834007486472
353799083467373
013884005625118
357816066648328
353149072842386
356354081634173
359466082731159
359460082455562
359461082126674
355695076607470
356109006547979
013181008238274
353040092584498
356417090497740
355595078071594
355409076798036
353046094516487
354877091143860
911452852826115
356760081208349
353051096205253
354447066866604
356554082041423
010283008091027
359216076334175
355330083787996
353810080646081
355353082636857
355439076067892
355350086311875
356764082147696
353844082682257
355731070785697
352069067562412
354876090105722
355001065921099
352062063364594
359159075405747
358180070475890
359212076567393
354954073616120
356694082820291
355689078003804
351744064471947
355819084220270
355819084276470
355819084183015
355819084234727
355819084214943
355819084043698
355819084235120
355819084256829
355819084048515
355819084255722
355819084309057
355819084280761
355819084303118
355819084309677
355819084254345
355819084276389
355819084276132
355819084334261
355819084207699
355819084234750
353045091115962
353047095866764
990003047713157
867885030171710
359411085313225
356712085057461
356408076068696
990001334212313
911336753888540
911336753888557
357498081821451
990001006429450
354829093140477
864065031505710
355839085985978
359311060746797
013633001611774
353804086704648
353811089579620
359286064660998
353803081136426
013720003423868
353267071702086
352072065653233
359219073448527
355323085245196
355354086758762
354381064414135
353316070032928
355329081522009
356648081277077
354442062590738
355326087374476
355320081231600
355399074917870
359204076322580
352051066793784
353267072467580
359206074777988
351987060828236
355320081384748
353320073731031
355320080121554
355326084031954
356605089029306
359308063178895
353803083965871
353072092498411
358830055983330
355348082515051
353284076563645
359316064452078
356610087027872
356612081785737
352019061514182
358570079423117
358568079734822
353074090742667
013621005281611
359137077852439
355429079302750
353064093082161
359263066049728
355413078385917
359204070866863
355672071350315
355323082875615
359207073628404
354434061167915
358000055610230
353804081881755
352046067525003
352075066038692
355730077569211
356677085940539
353810086534687
355420078224988
355453071300810
355434076435009